x[94] y[]                                          vars=112 diff=0 slots=72,75,78,79,80,82,493,540
x[94] y[104, 117]                                  vars=112 diff=0 slots=72,75,78,79,80,82,498,545
x[103] y[]                                         vars=112 diff=0 slots=72,75,78,79,80,82,493,540
x[103] y[104, 117]                                 vars=112 diff=0 slots=72,75,78,79,80,82,498,545
x[116] y[]                                         vars=112 diff=0 slots=72,75,78,79,80,82,493,540
x[116] y[104, 117]                                 vars=120 diff=3 slots=72,75,78,79,80,82,162,498,545
x[129] y[]                                         vars=112 diff=0 slots=72,75,78,79,80,82,493,540
x[129] y[104, 117]                                 vars=112 diff=0 slots=72,75,78,79,80,82,498,545
x[94, 103] y[]                                     vars=112 diff=0 slots=72,75,78,79,80,82,495,542
x[94, 103] y[104, 117]                             vars=112 diff=0 slots=72,75,78,79,80,82,500,547
x[94, 116] y[]                                     vars=112 diff=0 slots=72,75,78,79,80,82,495,542
x[94, 116] y[104, 117]                             vars=120 diff=3 slots=72,75,78,79,80,82,164,500,547
x[94, 129] y[]                                     vars=112 diff=0 slots=72,75,78,79,80,82,495,542
x[94, 129] y[104, 117]                             vars=112 diff=0 slots=72,75,78,79,80,82,500,547
x[103, 116] y[]                                    vars=112 diff=0 slots=72,75,78,79,80,82,495,542
x[103, 116] y[104, 117]                            vars=120 diff=3 slots=72,75,78,79,80,82,164,500,547
x[103, 129] y[]                                    vars=112 diff=0 slots=72,75,78,79,80,82,495,542
x[103, 129] y[104, 117]                            vars=112 diff=0 slots=72,75,78,79,80,82,500,547
x[116, 129] y[]                                    vars=120 diff=10 slots=72,75,78,79,80,82,139,495,542
x[116, 129] y[104, 117]                            vars=128 diff=13 slots=72,75,78,79,80,82,142,162,500,547
x[94, 103, 116] y[]                                vars=112 diff=0 slots=72,75,78,79,80,82,497,544
x[94, 103, 116] y[104, 117]                        vars=120 diff=3 slots=72,75,78,79,80,82,166,502,549
x[94, 103, 129] y[]                                vars=112 diff=0 slots=72,75,78,79,80,82,497,544
x[94, 103, 129] y[104, 117]                        vars=112 diff=0 slots=72,75,78,79,80,82,502,549
x[94, 116, 129] y[]                                vars=120 diff=10 slots=72,75,78,79,80,82,141,497,544
x[94, 116, 129] y[104, 117]                        vars=128 diff=13 slots=72,75,78,79,80,82,144,164,502,549
x[103, 116, 129] y[]                               vars=120 diff=10 slots=72,75,78,79,80,82,141,497,544
x[103, 116, 129] y[104, 117]                       vars=128 diff=13 slots=72,75,78,79,80,82,144,164,502,549
x[94, 103, 116, 129] y[]                           vars=120 diff=10 slots=72,75,78,79,80,82,143,499,546
x[94, 103, 116, 129] y[104, 117]                   vars=128 diff=13 slots=72,75,78,79,80,82,146,166,504,551
x[164] y[]                                         vars=120 diff=0 slots=72,75,78,79,80,82,226,493,540
x[164] y[104, 117]                                 vars=120 diff=0 slots=72,75,78,79,80,82,231,498,545
x[94, 164] y[]                                     vars=120 diff=0 slots=72,75,78,79,80,82,228,495,542
x[94, 164] y[104, 117]                             vars=120 diff=0 slots=72,75,78,79,80,82,233,500,547
x[103, 164] y[]                                    vars=120 diff=0 slots=72,75,78,79,80,82,228,495,542
x[103, 164] y[104, 117]                            vars=120 diff=0 slots=72,75,78,79,80,82,233,500,547
x[116, 164] y[]                                    vars=120 diff=0 slots=72,75,78,79,80,82,228,495,542
x[116, 164] y[104, 117]                            vars=128 diff=3 slots=72,75,78,79,80,82,162,233,500,547
x[129, 164] y[]                                    vars=120 diff=0 slots=72,75,78,79,80,82,228,495,542
x[129, 164] y[104, 117]                            vars=120 diff=0 slots=72,75,78,79,80,82,233,500,547
x[94, 103, 164] y[]                                vars=120 diff=0 slots=72,75,78,79,80,82,230,497,544
x[94, 103, 164] y[104, 117]                        vars=120 diff=0 slots=72,75,78,79,80,82,235,502,549
x[94, 116, 164] y[]                                vars=120 diff=0 slots=72,75,78,79,80,82,230,497,544
x[94, 116, 164] y[104, 117]                        vars=128 diff=3 slots=72,75,78,79,80,82,164,235,502,549
x[94, 129, 164] y[]                                vars=120 diff=0 slots=72,75,78,79,80,82,230,497,544
x[94, 129, 164] y[104, 117]                        vars=120 diff=0 slots=72,75,78,79,80,82,235,502,549
x[103, 116, 164] y[]                               vars=120 diff=0 slots=72,75,78,79,80,82,230,497,544
x[103, 116, 164] y[104, 117]                       vars=128 diff=3 slots=72,75,78,79,80,82,164,235,502,549
x[103, 129, 164] y[]                               vars=120 diff=0 slots=72,75,78,79,80,82,230,497,544
x[103, 129, 164] y[104, 117]                       vars=120 diff=0 slots=72,75,78,79,80,82,235,502,549
x[116, 129, 164] y[]                               vars=128 diff=10 slots=72,75,78,79,80,82,139,230,497,544
x[116, 129, 164] y[104, 117]                       vars=136 diff=13 slots=72,75,78,79,80,82,142,162,235,502,549
x[94, 103, 116, 164] y[]                           vars=120 diff=0 slots=72,75,78,79,80,82,232,499,546
x[94, 103, 116, 164] y[104, 117]                   vars=128 diff=3 slots=72,75,78,79,80,82,166,237,504,551
x[94, 103, 129, 164] y[]                           vars=120 diff=0 slots=72,75,78,79,80,82,232,499,546
x[94, 103, 129, 164] y[104, 117]                   vars=120 diff=0 slots=72,75,78,79,80,82,237,504,551
x[94, 116, 129, 164] y[]                           vars=128 diff=10 slots=72,75,78,79,80,82,141,232,499,546
x[94, 116, 129, 164] y[104, 117]                   vars=136 diff=13 slots=72,75,78,79,80,82,144,164,237,504,551
x[103, 116, 129, 164] y[]                          vars=128 diff=10 slots=72,75,78,79,80,82,141,232,499,546
x[103, 116, 129, 164] y[104, 117]                  vars=136 diff=13 slots=72,75,78,79,80,82,144,164,237,504,551
x[94, 103, 116, 129, 164] y[]                      vars=128 diff=10 slots=72,75,78,79,80,82,143,234,501,548
x[94, 103, 116, 129, 164] y[104, 117]              vars=136 diff=13 slots=72,75,78,79,80,82,146,166,239,506,553
x[172] y[]                                         vars=120 diff=0 slots=72,75,78,79,80,82,232,493,540
x[172] y[104, 117]                                 vars=120 diff=0 slots=72,75,78,79,80,82,237,498,545
x[94, 172] y[]                                     vars=120 diff=0 slots=72,75,78,79,80,82,234,495,542
x[94, 172] y[104, 117]                             vars=120 diff=0 slots=72,75,78,79,80,82,239,500,547
x[103, 172] y[]                                    vars=120 diff=0 slots=72,75,78,79,80,82,234,495,542
x[103, 172] y[104, 117]                            vars=120 diff=0 slots=72,75,78,79,80,82,239,500,547
x[116, 172] y[]                                    vars=120 diff=0 slots=72,75,78,79,80,82,234,495,542
x[116, 172] y[104, 117]                            vars=128 diff=3 slots=72,75,78,79,80,82,162,239,500,547
x[129, 172] y[]                                    vars=120 diff=0 slots=72,75,78,79,80,82,234,495,542
x[129, 172] y[104, 117]                            vars=120 diff=0 slots=72,75,78,79,80,82,239,500,547
x[94, 103, 172] y[]                                vars=120 diff=0 slots=72,75,78,79,80,82,236,497,544
x[94, 103, 172] y[104, 117]                        vars=120 diff=0 slots=72,75,78,79,80,82,241,502,549
x[94, 116, 172] y[]                                vars=120 diff=0 slots=72,75,78,79,80,82,236,497,544
x[94, 116, 172] y[104, 117]                        vars=128 diff=3 slots=72,75,78,79,80,82,164,241,502,549
x[94, 129, 172] y[]                                vars=120 diff=0 slots=72,75,78,79,80,82,236,497,544
x[94, 129, 172] y[104, 117]                        vars=120 diff=0 slots=72,75,78,79,80,82,241,502,549
x[103, 116, 172] y[]                               vars=120 diff=0 slots=72,75,78,79,80,82,236,497,544
x[103, 116, 172] y[104, 117]                       vars=128 diff=3 slots=72,75,78,79,80,82,164,241,502,549
x[103, 129, 172] y[]                               vars=120 diff=0 slots=72,75,78,79,80,82,236,497,544
x[103, 129, 172] y[104, 117]                       vars=120 diff=0 slots=72,75,78,79,80,82,241,502,549
x[116, 129, 172] y[]                               vars=128 diff=10 slots=72,75,78,79,80,82,139,236,497,544
x[116, 129, 172] y[104, 117]                       vars=136 diff=13 slots=72,75,78,79,80,82,142,162,241,502,549
x[94, 103, 116, 172] y[]                           vars=120 diff=0 slots=72,75,78,79,80,82,238,499,546
x[94, 103, 116, 172] y[104, 117]                   vars=128 diff=3 slots=72,75,78,79,80,82,166,243,504,551
x[94, 103, 129, 172] y[]                           vars=120 diff=0 slots=72,75,78,79,80,82,238,499,546
x[94, 103, 129, 172] y[104, 117]                   vars=120 diff=0 slots=72,75,78,79,80,82,243,504,551
x[94, 116, 129, 172] y[]                           vars=128 diff=10 slots=72,75,78,79,80,82,141,238,499,546
x[94, 116, 129, 172] y[104, 117]                   vars=136 diff=13 slots=72,75,78,79,80,82,144,164,243,504,551
x[103, 116, 129, 172] y[]                          vars=128 diff=10 slots=72,75,78,79,80,82,141,238,499,546
x[103, 116, 129, 172] y[104, 117]                  vars=136 diff=13 slots=72,75,78,79,80,82,144,164,243,504,551
x[94, 103, 116, 129, 172] y[]                      vars=128 diff=10 slots=72,75,78,79,80,82,143,240,501,548
x[94, 103, 116, 129, 172] y[104, 117]              vars=136 diff=13 slots=72,75,78,79,80,82,146,166,245,506,553
x[181] y[]                                         vars=120 diff=0 slots=72,75,78,79,80,82,237,493,540
x[181] y[104, 117]                                 vars=120 diff=0 slots=72,75,78,79,80,82,242,498,545
x[94, 181] y[]                                     vars=120 diff=0 slots=72,75,78,79,80,82,239,495,542
x[94, 181] y[104, 117]                             vars=120 diff=0 slots=72,75,78,79,80,82,244,500,547
x[103, 181] y[]                                    vars=120 diff=0 slots=72,75,78,79,80,82,239,495,542
x[103, 181] y[104, 117]                            vars=120 diff=0 slots=72,75,78,79,80,82,244,500,547
x[116, 181] y[]                                    vars=120 diff=0 slots=72,75,78,79,80,82,239,495,542
x[116, 181] y[104, 117]                            vars=128 diff=3 slots=72,75,78,79,80,82,162,244,500,547
x[129, 181] y[]                                    vars=120 diff=0 slots=72,75,78,79,80,82,239,495,542
x[129, 181] y[104, 117]                            vars=120 diff=0 slots=72,75,78,79,80,82,244,500,547
x[94, 103, 181] y[]                                vars=120 diff=0 slots=72,75,78,79,80,82,241,497,544
x[94, 103, 181] y[104, 117]                        vars=120 diff=0 slots=72,75,78,79,80,82,246,502,549
x[94, 116, 181] y[]                                vars=120 diff=0 slots=72,75,78,79,80,82,241,497,544
x[94, 116, 181] y[104, 117]                        vars=128 diff=3 slots=72,75,78,79,80,82,164,246,502,549
x[94, 129, 181] y[]                                vars=120 diff=0 slots=72,75,78,79,80,82,241,497,544
x[94, 129, 181] y[104, 117]                        vars=120 diff=0 slots=72,75,78,79,80,82,246,502,549
x[103, 116, 181] y[]                               vars=120 diff=0 slots=72,75,78,79,80,82,241,497,544
x[103, 116, 181] y[104, 117]                       vars=128 diff=3 slots=72,75,78,79,80,82,164,246,502,549
x[103, 129, 181] y[]                               vars=120 diff=0 slots=72,75,78,79,80,82,241,497,544
x[103, 129, 181] y[104, 117]                       vars=120 diff=0 slots=72,75,78,79,80,82,246,502,549
x[116, 129, 181] y[]                               vars=128 diff=10 slots=72,75,78,79,80,82,139,241,497,544
x[116, 129, 181] y[104, 117]                       vars=136 diff=13 slots=72,75,78,79,80,82,142,162,246,502,549
x[94, 103, 116, 181] y[]                           vars=120 diff=0 slots=72,75,78,79,80,82,243,499,546
x[94, 103, 116, 181] y[104, 117]                   vars=128 diff=3 slots=72,75,78,79,80,82,166,248,504,551
x[94, 103, 129, 181] y[]                           vars=120 diff=0 slots=72,75,78,79,80,82,243,499,546
x[94, 103, 129, 181] y[104, 117]                   vars=120 diff=0 slots=72,75,78,79,80,82,248,504,551
x[94, 116, 129, 181] y[]                           vars=128 diff=10 slots=72,75,78,79,80,82,141,243,499,546
x[94, 116, 129, 181] y[104, 117]                   vars=136 diff=13 slots=72,75,78,79,80,82,144,164,248,504,551
x[103, 116, 129, 181] y[]                          vars=128 diff=10 slots=72,75,78,79,80,82,141,243,499,546
x[103, 116, 129, 181] y[104, 117]                  vars=136 diff=13 slots=72,75,78,79,80,82,144,164,248,504,551
x[94, 103, 116, 129, 181] y[]                      vars=128 diff=10 slots=72,75,78,79,80,82,143,245,501,548
x[94, 103, 116, 129, 181] y[104, 117]              vars=136 diff=13 slots=72,75,78,79,80,82,146,166,250,506,553
x[217] y[]                                         vars=120 diff=0 slots=72,75,78,79,80,82,309,493,540
x[217] y[104, 117]                                 vars=120 diff=0 slots=72,75,78,79,80,82,314,498,545
x[94, 217] y[]                                     vars=120 diff=0 slots=72,75,78,79,80,82,311,495,542
x[94, 217] y[104, 117]                             vars=120 diff=0 slots=72,75,78,79,80,82,316,500,547
x[103, 217] y[]                                    vars=120 diff=0 slots=72,75,78,79,80,82,311,495,542
x[103, 217] y[104, 117]                            vars=120 diff=0 slots=72,75,78,79,80,82,316,500,547
x[116, 217] y[]                                    vars=120 diff=0 slots=72,75,78,79,80,82,311,495,542
x[116, 217] y[104, 117]                            vars=128 diff=3 slots=72,75,78,79,80,82,162,316,500,547
x[129, 217] y[]                                    vars=120 diff=0 slots=72,75,78,79,80,82,311,495,542
x[129, 217] y[104, 117]                            vars=120 diff=0 slots=72,75,78,79,80,82,316,500,547
x[94, 103, 217] y[]                                vars=120 diff=0 slots=72,75,78,79,80,82,313,497,544
x[94, 103, 217] y[104, 117]                        vars=120 diff=0 slots=72,75,78,79,80,82,318,502,549
x[94, 116, 217] y[]                                vars=120 diff=0 slots=72,75,78,79,80,82,313,497,544
x[94, 116, 217] y[104, 117]                        vars=128 diff=3 slots=72,75,78,79,80,82,164,318,502,549
x[94, 129, 217] y[]                                vars=120 diff=0 slots=72,75,78,79,80,82,313,497,544
x[94, 129, 217] y[104, 117]                        vars=120 diff=0 slots=72,75,78,79,80,82,318,502,549
x[103, 116, 217] y[]                               vars=120 diff=0 slots=72,75,78,79,80,82,313,497,544
x[103, 116, 217] y[104, 117]                       vars=128 diff=3 slots=72,75,78,79,80,82,164,318,502,549
x[103, 129, 217] y[]                               vars=120 diff=0 slots=72,75,78,79,80,82,313,497,544
x[103, 129, 217] y[104, 117]                       vars=120 diff=0 slots=72,75,78,79,80,82,318,502,549
x[116, 129, 217] y[]                               vars=128 diff=10 slots=72,75,78,79,80,82,139,313,497,544
x[116, 129, 217] y[104, 117]                       vars=136 diff=13 slots=72,75,78,79,80,82,142,162,318,502,549
x[94, 103, 116, 217] y[]                           vars=120 diff=0 slots=72,75,78,79,80,82,315,499,546
x[94, 103, 116, 217] y[104, 117]                   vars=128 diff=3 slots=72,75,78,79,80,82,166,320,504,551
x[94, 103, 129, 217] y[]                           vars=120 diff=0 slots=72,75,78,79,80,82,315,499,546
x[94, 103, 129, 217] y[104, 117]                   vars=120 diff=0 slots=72,75,78,79,80,82,320,504,551
x[94, 116, 129, 217] y[]                           vars=128 diff=10 slots=72,75,78,79,80,82,141,315,499,546
x[94, 116, 129, 217] y[104, 117]                   vars=136 diff=13 slots=72,75,78,79,80,82,144,164,320,504,551
x[103, 116, 129, 217] y[]                          vars=128 diff=10 slots=72,75,78,79,80,82,141,315,499,546
x[103, 116, 129, 217] y[104, 117]                  vars=136 diff=13 slots=72,75,78,79,80,82,144,164,320,504,551
x[94, 103, 116, 129, 217] y[]                      vars=128 diff=10 slots=72,75,78,79,80,82,143,317,501,548
x[94, 103, 116, 129, 217] y[104, 117]              vars=136 diff=13 slots=72,75,78,79,80,82,146,166,322,506,553
