;; 73 conflicts: 73 74 75 76 77 78 79 80 81 82 83 84 85 86 88 91 93 94 106 107 108 122 139 148 182 183 184 247 250 257 277 278 279 284 285 286 292 295 302 349 354 355 381 404 469 505 535 591 593 594 595 635 643 2 3 4 6 7 29
;; 74 conflicts: 73 74 75 76 77 78 79 80 81 82 83 84 85 86 88 91 93 94 106 107 108 122 123 139 140 148 182 183 184 247 250 257 277 278 279 284 285 286 292 295 302 349 354 355 381 404 469 505 535 591 593 635 643 2 3 4 7 29
;; 75 conflicts: 73 74 75 76 77 78 79 80 81 82 83 84 85 86 88 91 93 94 106 107 108 122 139 148 182 183 184 247 250 257 277 278 279 284 285 286 292 295 302 349 354 355 381 404 469 505 535 591 593 594 595 600 601 602 635 643 2 3 4 29
;; 76 conflicts: 73 74 75 76 77 78 79 83 84 85 106 107 108 122 123 124 125 139 140 141 142 148 182 183 184 349 2 3 4 29
;; 77 conflicts: 73 74 75 76 77 78 79 83 84 85 106 107 108 122 139 148 182 183 184 349 2 3 4 29
;; 78 conflicts: 73 74 75 76 77 78 79 80 81 82 83 84 85 86 88 91 93 94 122 139 148 182 183 184 247 250 257 277 278 279 284 285 286 292 295 302 349 354 355 381 404 469 505 535 591 593 594 595 600 601 602 606 607 608 635 643 2 3 4 29
;; 79 conflicts: 73 74 75 76 77 78 79 83 84 122 139 148 349 29
;; 80 conflicts: 73 74 75 78 80 81 82 83 86 88 91 93 94 182 183 184 247 250 257 277 278 279 284 285 286 292 295 302 349 354 355 381 404 469 505 535 591 593 594 595 600 601 602 606 607 608 635 643 2 3 4 29
;; 81 conflicts: 73 74 75 78 80 81 82 83 86 88 91 93 94 182 183 184 247 250 257 277 278 279 284 285 286 292 295 302 349 354 355 381 404 469 505 535 591 593 594 595 600 601 602 606 607 608 635 643 2 3 4 29
;; 82 conflicts: 73 74 75 78 80 81 82 83 86 88 91 93 94 182 183 184 247 250 257 277 278 279 284 285 286 292 295 302 349 354 355 381 404 469 505 535 591 593 594 595 600 601 602 606 607 608 635 643 2 3 4 29
;; 83 conflicts: 73 74 75 76 77 78 79 80 81 82 83 84 85 86 88 91 93 94 106 107 108 122 139 148 182 183 184 247 250 257 277 278 279 284 285 286 292 295 302 349 354 355 381 404 469 505 535 591 593 594 595 635 643 2 3 4 29
;; 84 conflicts: 73 74 75 76 77 78 79 83 84 85 106 107 108 122 139 148 182 183 184 349 2 3 4 29
;; 85 conflicts: 73 74 75 76 77 78 83 84 85 122 349 2 3 4 29
;; 86 conflicts: 73 74 75 78 80 81 82 83 86 88 91 93 94 247 250 257 349 591 643 2 3 4 29
;; 88 conflicts: 73 74 75 78 80 81 82 83 86 88 91 93 94 292 295 302 349 354 355 381 404 469 505 535 591 635 2 3 4 29
;; 91 conflicts: 73 74 75 78 80 81 82 83 86 88 91 94 591 2 29
;; 93 conflicts: 73 74 75 78 80 81 82 83 86 88 93 247 250 257 292 295 302 349 469 505 535 635 643 2 3 4 29
;; 94 conflicts: 73 74 75 78 80 81 82 83 86 88 91 94 591 2 29
;; 106 conflicts: 73 74 75 76 77 83 84 106 107 108 349 2 29
;; 107 conflicts: 73 74 75 76 77 83 84 106 107 108 349 2 29
;; 108 conflicts: 73 74 75 76 77 83 84 106 107 108 349 2 29
;; 122 conflicts: 73 74 75 76 77 78 79 83 84 85 122 139 148 349 2 3 29
;; 123 conflicts: 74 76 123 124 125 2 29
;; 124 conflicts: 76 123 124 125 2 29
;; 125 conflicts: 76 123 124 125 2 29
;; 139 conflicts: 73 74 75 76 77 78 79 83 84 122 139 148 349 29
;; 140 conflicts: 74 76 140 141 142 2 29
;; 141 conflicts: 76 140 141 142 2 29
;; 142 conflicts: 76 140 141 142 2 29
;; 148 conflicts: 73 74 75 76 77 78 79 83 84 122 139 148 349 29
;; 182 conflicts: 73 74 75 76 77 78 80 81 82 83 84 182 183 184 349 2 3 4 29
;; 183 conflicts: 73 74 75 76 77 78 80 81 82 83 84 182 183 184 349 2 3 4 29
;; 184 conflicts: 73 74 75 76 77 78 80 81 82 83 84 182 183 184 349 2 3 4 29
;; 247 conflicts: 73 74 75 78 80 81 82 83 86 93 247 250 257 349 643 2 3 4 29
;; 250 conflicts: 73 74 75 78 80 81 82 83 86 93 247 250 257 349 643 2 3 4 29
;; 257 conflicts: 73 74 75 78 80 81 82 83 86 93 247 250 257 349 643 2 3 4 29
;; 277 conflicts: 73 74 75 78 80 81 82 83 277 278 279 349 2 29
;; 278 conflicts: 73 74 75 78 80 81 82 83 277 278 279 349 2 29
;; 279 conflicts: 73 74 75 78 80 81 82 83 277 278 279 349 2 29
;; 284 conflicts: 73 74 75 78 80 81 82 83 284 285 286 349 2 29
;; 285 conflicts: 73 74 75 78 80 81 82 83 284 285 286 349 2 29
;; 286 conflicts: 73 74 75 78 80 81 82 83 284 285 286 349 2 29
;; 292 conflicts: 73 74 75 78 80 81 82 83 88 93 292 295 302 349 354 355 381 404 469 505 535 635 2 3 4 29
;; 295 conflicts: 73 74 75 78 80 81 82 83 88 93 292 295 302 349 354 355 381 404 469 505 535 635 2 3 4 29
;; 302 conflicts: 73 74 75 78 80 81 82 83 88 93 292 295 302 349 354 355 381 404 469 505 535 635 2 3 4 29
;; 349 conflicts: 73 74 75 76 77 78 79 80 81 82 83 84 85 86 88 93 106 107 108 122 139 148 182 183 184 247 250 257 277 278 279 284 285 286 292 295 302 349 354 355 469 535 635 643 2 3 4 5 6 7 29
;; 354 conflicts: 73 74 75 78 80 81 82 83 88 292 295 302 349 354 635 2 29
;; 355 conflicts: 73 74 75 78 80 81 82 83 88 292 295 302 349 355 381 635 2 3 29
;; 381 conflicts: 73 74 75 78 80 81 82 83 88 292 295 302 355 381 635 2 3 4 29
;; 404 conflicts: 73 74 75 78 80 81 82 83 88 292 295 302 404 635 29
;; 469 conflicts: 73 74 75 78 80 81 82 83 88 93 292 295 302 349 469 505 635 2 3 29
;; 505 conflicts: 73 74 75 78 80 81 82 83 88 93 292 295 302 469 505 635 2 3 4 29
;; 535 conflicts: 73 74 75 78 80 81 82 83 88 93 292 295 302 349 535 635 2 29
;; 591 conflicts: 73 74 75 78 80 81 82 83 86 88 91 94 591 2 29
;; 593 conflicts: 73 74 75 78 80 81 82 83 593 594 595 2 29
;; 594 conflicts: 73 75 78 80 81 82 83 593 594 595 2 29
;; 595 conflicts: 73 75 78 80 81 82 83 593 594 595 2 29
;; 600 conflicts: 75 78 80 81 82 600 601 602 2 29
;; 601 conflicts: 75 78 80 81 82 600 601 602 2 29
;; 602 conflicts: 75 78 80 81 82 600 601 602 2 29
;; 606 conflicts: 78 80 81 82 606 607 608 2 29
;; 607 conflicts: 78 80 81 82 606 607 608 2 29
;; 608 conflicts: 78 80 81 82 606 607 608 2 29
;; 635 conflicts: 73 74 75 78 80 81 82 83 88 93 292 295 302 349 354 355 381 404 469 505 535 635 2 3 4 29
;; 643 conflicts: 73 74 75 78 80 81 82 83 86 93 247 250 257 349 643 2 3 4 29
