;; 73 conflicts: 73 74 75 76 77 78 79 80 81 82 83 84 85 87 88 91 93 105 106 107 121 138 147 151 152 153 154 185 186 187 249 251 254 261 281 282 283 288 289 290 295 296 297 299 302 309 356 361 362 363 389 390 433 478 479 480 516 517 547 597 604 606 607 608 647 654 2 3 4 6 7 29
;; 74 conflicts: 73 74 75 76 77 78 79 80 81 82 83 84 85 87 88 91 93 105 106 107 121 122 138 139 147 151 152 153 154 185 186 187 249 251 254 261 281 282 283 288 289 290 295 296 297 299 302 309 356 361 362 363 389 390 433 478 479 480 516 517 547 597 604 606 647 654 2 3 4 7 29
;; 75 conflicts: 73 74 75 76 77 78 79 80 81 82 83 84 85 87 88 91 93 105 106 107 121 138 147 151 152 153 154 185 186 187 249 251 254 261 281 282 283 288 289 290 295 296 297 299 302 309 356 361 362 363 389 390 433 478 479 480 516 517 547 597 604 606 607 608 613 614 615 647 654 2 3 4 29
;; 76 conflicts: 73 74 75 76 77 78 79 83 84 85 105 106 107 121 122 123 124 138 139 140 141 147 185 186 187 356 2 3 4 29
;; 77 conflicts: 73 74 75 76 77 78 79 83 84 85 105 106 107 121 138 147 185 186 187 356 2 3 4 29
;; 78 conflicts: 73 74 75 76 77 78 79 80 81 82 83 84 85 87 88 91 93 121 138 147 151 152 153 154 185 186 187 249 251 254 261 281 282 283 288 289 290 295 296 297 299 302 309 356 361 362 363 389 390 433 478 479 480 516 517 547 597 604 606 607 608 613 614 615 619 620 621 647 654 2 3 4 29
;; 79 conflicts: 73 74 75 76 77 78 79 83 84 121 138 147 356 29
;; 80 conflicts: 73 74 75 78 80 81 82 83 87 88 91 93 151 152 153 154 185 186 187 249 251 254 261 281 282 283 288 289 290 295 296 297 299 302 309 356 361 362 363 389 390 433 478 479 480 516 517 547 597 604 606 607 608 613 614 615 619 620 621 647 654 2 3 4 29
;; 81 conflicts: 73 74 75 78 80 81 82 83 87 88 91 93 151 152 153 154 185 186 187 249 251 254 261 281 282 283 288 289 290 295 296 297 299 302 309 356 361 362 363 389 390 433 478 479 480 516 517 547 597 604 606 607 608 613 614 615 619 620 621 647 654 2 3 4 29
;; 82 conflicts: 73 74 75 78 80 81 82 83 87 88 91 93 151 152 153 154 185 186 187 249 251 254 261 281 282 283 288 289 290 295 296 297 299 302 309 356 361 362 363 389 390 433 478 479 480 516 517 547 597 604 606 607 608 613 614 615 619 620 621 647 654 2 3 4 29
;; 83 conflicts: 73 74 75 76 77 78 79 80 81 82 83 84 85 87 88 91 93 105 106 107 121 138 147 151 152 153 154 185 186 187 249 251 254 261 281 282 283 288 289 290 295 296 297 299 302 309 356 361 362 363 389 390 433 478 479 480 516 517 547 597 604 606 607 608 647 654 2 3 4 29
;; 84 conflicts: 73 74 75 76 77 78 79 83 84 85 105 106 107 121 138 147 185 186 187 356 2 3 4 29
;; 85 conflicts: 73 74 75 76 77 78 83 84 85 121 356 2 3 4 29
;; 87 conflicts: 73 74 75 78 80 81 82 83 87 295 296 297 299 302 309 356 361 362 363 389 390 433 478 479 480 516 517 547 647 2 3 4 29
;; 88 conflicts: 73 74 75 78 80 81 82 83 88 91 93 597 604 2 29
;; 91 conflicts: 73 74 75 78 80 81 82 83 88 91 93 597 604 2 29
;; 93 conflicts: 73 74 75 78 80 81 82 83 88 91 93 597 604 2 29
;; 105 conflicts: 73 74 75 76 77 83 84 105 106 107 356 2 29
;; 106 conflicts: 73 74 75 76 77 83 84 105 106 107 356 2 29
;; 107 conflicts: 73 74 75 76 77 83 84 105 106 107 356 2 29
;; 121 conflicts: 73 74 75 76 77 78 79 83 84 85 121 138 147 356 2 3 29
;; 122 conflicts: 74 76 122 123 124 2 29
;; 123 conflicts: 76 122 123 124 2 29
;; 124 conflicts: 76 122 123 124 2 29
;; 138 conflicts: 73 74 75 76 77 78 79 83 84 121 138 147 356 29
;; 139 conflicts: 74 76 139 140 141 2 29
;; 140 conflicts: 76 139 140 141 2 29
;; 141 conflicts: 76 139 140 141 2 29
;; 147 conflicts: 73 74 75 76 77 78 79 83 84 121 138 147 356 29
;; 151 conflicts: 73 74 75 78 80 81 82 83 151 249 251 254 261 356 654 2 3 4 29
;; 152 conflicts: 73 74 75 78 80 81 82 83 152 356 3 29
;; 153 conflicts: 73 74 75 78 80 81 82 83 153 356 3 29
;; 154 conflicts: 73 74 75 78 80 81 82 83 154 356 3 29
;; 185 conflicts: 73 74 75 76 77 78 80 81 82 83 84 185 186 187 356 2 3 4 29
;; 186 conflicts: 73 74 75 76 77 78 80 81 82 83 84 185 186 187 356 2 3 4 29
;; 187 conflicts: 73 74 75 76 77 78 80 81 82 83 84 185 186 187 356 2 3 4 29
;; 249 conflicts: 73 74 75 78 80 81 82 83 151 249 251 254 261 356 654 4 29
;; 251 conflicts: 73 74 75 78 80 81 82 83 151 249 251 254 261 356 654 2 3 4 29
;; 254 conflicts: 73 74 75 78 80 81 82 83 151 249 251 254 261 356 654 2 3 4 29
;; 261 conflicts: 73 74 75 78 80 81 82 83 151 249 251 254 261 356 654 2 3 4 29
;; 281 conflicts: 73 74 75 78 80 81 82 83 281 282 283 356 2 29
;; 282 conflicts: 73 74 75 78 80 81 82 83 281 282 283 356 2 29
;; 283 conflicts: 73 74 75 78 80 81 82 83 281 282 283 356 2 29
;; 288 conflicts: 73 74 75 78 80 81 82 83 288 289 290 356 2 29
;; 289 conflicts: 73 74 75 78 80 81 82 83 288 289 290 356 2 29
;; 290 conflicts: 73 74 75 78 80 81 82 83 288 289 290 356 2 29
;; 295 conflicts: 73 74 75 78 80 81 82 83 87 295 299 302 309 356 4 29
;; 296 conflicts: 73 74 75 78 80 81 82 83 87 296 299 302 309 356 4 29
;; 297 conflicts: 73 74 75 78 80 81 82 83 87 297 299 302 309 356 4 29
;; 299 conflicts: 73 74 75 78 80 81 82 83 87 295 296 297 299 302 309 356 361 362 363 389 390 433 478 479 480 516 517 547 647 2 3 4 29
;; 302 conflicts: 73 74 75 78 80 81 82 83 87 295 296 297 299 302 309 356 361 362 363 389 390 433 478 479 480 516 517 547 647 2 3 4 29
;; 309 conflicts: 73 74 75 78 80 81 82 83 87 295 296 297 299 302 309 356 361 362 363 389 390 433 478 479 480 516 517 547 647 2 3 4 29
;; 356 conflicts: 73 74 75 76 77 78 79 80 81 82 83 84 85 87 105 106 107 121 138 147 151 152 153 154 185 186 187 249 251 254 261 281 282 283 288 289 290 295 296 297 299 302 309 356 361 480 547 647 654 2 3 4 5 6 7 29
;; 361 conflicts: 73 74 75 78 80 81 82 83 87 299 302 309 356 361 647 2 29
;; 362 conflicts: 73 74 75 78 80 81 82 83 87 299 302 309 362 647 2 29
;; 363 conflicts: 73 74 75 78 80 81 82 83 87 299 302 309 363 389 647 2 3 4 29
;; 389 conflicts: 73 74 75 78 80 81 82 83 87 299 302 309 363 389 390 647 2 3 29
;; 390 conflicts: 73 74 75 78 80 81 82 83 87 299 302 309 389 390 647 2 3 4 29
;; 433 conflicts: 73 74 75 78 80 81 82 83 87 299 302 309 433 647 4 29
;; 478 conflicts: 73 74 75 78 80 81 82 83 87 299 302 309 478 480 647 2 29
;; 479 conflicts: 73 74 75 78 80 81 82 83 87 299 302 309 479 480 516 647 3 4 29
;; 480 conflicts: 73 74 75 78 80 81 82 83 87 299 302 309 356 478 479 480 516 517 547 647 2 3 4 29
;; 516 conflicts: 73 74 75 78 80 81 82 83 87 299 302 309 479 480 516 517 647 2 3 29
;; 517 conflicts: 73 74 75 78 80 81 82 83 87 299 302 309 480 516 517 647 2 3 4 29
;; 547 conflicts: 73 74 75 78 80 81 82 83 87 299 302 309 356 480 547 647 2 29
;; 597 conflicts: 73 74 75 78 80 81 82 83 88 91 93 597 604 2 29
;; 604 conflicts: 73 74 75 78 80 81 82 83 88 91 93 597 604 2 29
;; 606 conflicts: 73 74 75 78 80 81 82 83 606 607 608 2 29
;; 607 conflicts: 73 75 78 80 81 82 83 606 607 608 2 29
;; 608 conflicts: 73 75 78 80 81 82 83 606 607 608 2 29
;; 613 conflicts: 75 78 80 81 82 613 614 615 2 29
;; 614 conflicts: 75 78 80 81 82 613 614 615 2 29
;; 615 conflicts: 75 78 80 81 82 613 614 615 2 29
;; 619 conflicts: 78 80 81 82 619 620 621 2 29
;; 620 conflicts: 78 80 81 82 619 620 621 2 29
;; 621 conflicts: 78 80 81 82 619 620 621 2 29
;; 647 conflicts: 73 74 75 78 80 81 82 83 87 299 302 309 356 361 362 363 389 390 433 478 479 480 516 517 547 647 2 3 4 29
;; 654 conflicts: 73 74 75 78 80 81 82 83 151 249 251 254 261 356 654 2 3 4 29
