;; 73 conflicts: 73 74 75 76 77 78 79 80 81 82 83 84 85 86 88 91 93 105 106 107 121 138 147 151 152 153 184 185 186 248 250 253 260 280 281 282 287 288 289 294 295 296 298 301 308 355 360 361 387 410 475 476 512 542 598 600 601 602 642 650 2 3 4 6 7 29
;; 74 conflicts: 73 74 75 76 77 78 79 80 81 82 83 84 85 86 88 91 93 105 106 107 121 122 138 139 147 151 152 153 184 185 186 248 250 253 260 280 281 282 287 288 289 294 295 296 298 301 308 355 360 361 387 410 475 476 512 542 598 600 642 650 2 3 4 7 29
;; 75 conflicts: 73 74 75 76 77 78 79 80 81 82 83 84 85 86 88 91 93 105 106 107 121 138 147 151 152 153 184 185 186 248 250 253 260 280 281 282 287 288 289 294 295 296 298 301 308 355 360 361 387 410 475 476 512 542 598 600 601 602 607 608 609 642 650 2 3 4 29
;; 76 conflicts: 73 74 75 76 77 78 79 83 84 85 105 106 107 121 122 123 124 138 139 140 141 147 184 185 186 355 2 3 4 29
;; 77 conflicts: 73 74 75 76 77 78 79 83 84 85 105 106 107 121 138 147 184 185 186 355 2 3 4 29
;; 78 conflicts: 73 74 75 76 77 78 79 80 81 82 83 84 85 86 88 91 93 121 138 147 151 152 153 184 185 186 248 250 253 260 280 281 282 287 288 289 294 295 296 298 301 308 355 360 361 387 410 475 476 512 542 598 600 601 602 607 608 609 613 614 615 642 650 2 3 4 29
;; 79 conflicts: 73 74 75 76 77 78 79 83 84 121 138 147 355 29
;; 80 conflicts: 73 74 75 78 80 81 82 83 86 88 91 93 151 152 153 184 185 186 248 250 253 260 280 281 282 287 288 289 294 295 296 298 301 308 355 360 361 387 410 475 476 512 542 598 600 601 602 607 608 609 613 614 615 642 650 2 3 4 29
;; 81 conflicts: 73 74 75 78 80 81 82 83 86 88 91 93 151 152 153 184 185 186 248 250 253 260 280 281 282 287 288 289 294 295 296 298 301 308 355 360 361 387 410 475 476 512 542 598 600 601 602 607 608 609 613 614 615 642 650 2 3 4 29
;; 82 conflicts: 73 74 75 78 80 81 82 83 86 88 91 93 151 152 153 184 185 186 248 250 253 260 280 281 282 287 288 289 294 295 296 298 301 308 355 360 361 387 410 475 476 512 542 598 600 601 602 607 608 609 613 614 615 642 650 2 3 4 29
;; 83 conflicts: 73 74 75 76 77 78 79 80 81 82 83 84 85 86 88 91 93 105 106 107 121 138 147 151 152 153 184 185 186 248 250 253 260 280 281 282 287 288 289 294 295 296 298 301 308 355 360 361 387 410 475 476 512 542 598 600 601 602 642 650 2 3 4 29
;; 84 conflicts: 73 74 75 76 77 78 79 83 84 85 105 106 107 121 138 147 184 185 186 355 2 3 4 29
;; 85 conflicts: 73 74 75 76 77 78 83 84 85 121 355 2 3 4 29
;; 86 conflicts: 73 74 75 78 80 81 82 83 86 88 91 93 248 250 253 260 355 598 650 2 3 4 29
;; 88 conflicts: 73 74 75 78 80 81 82 83 86 88 91 93 294 295 296 298 301 308 355 360 361 387 410 475 476 512 542 598 642 2 3 4 29
;; 91 conflicts: 73 74 75 78 80 81 82 83 86 88 91 93 598 2 29
;; 93 conflicts: 73 74 75 78 80 81 82 83 86 88 91 93 598 2 29
;; 105 conflicts: 73 74 75 76 77 83 84 105 106 107 355 2 29
;; 106 conflicts: 73 74 75 76 77 83 84 105 106 107 355 2 29
;; 107 conflicts: 73 74 75 76 77 83 84 105 106 107 355 2 29
;; 121 conflicts: 73 74 75 76 77 78 79 83 84 85 121 138 147 355 2 3 29
;; 122 conflicts: 74 76 122 123 124 2 29
;; 123 conflicts: 76 122 123 124 2 29
;; 124 conflicts: 76 122 123 124 2 29
;; 138 conflicts: 73 74 75 76 77 78 79 83 84 121 138 147 355 29
;; 139 conflicts: 74 76 139 140 141 2 29
;; 140 conflicts: 76 139 140 141 2 29
;; 141 conflicts: 76 139 140 141 2 29
;; 147 conflicts: 73 74 75 76 77 78 79 83 84 121 138 147 355 29
;; 151 conflicts: 73 74 75 78 80 81 82 83 151 355 3 29
;; 152 conflicts: 73 74 75 78 80 81 82 83 152 355 3 29
;; 153 conflicts: 73 74 75 78 80 81 82 83 153 355 3 29
;; 184 conflicts: 73 74 75 76 77 78 80 81 82 83 84 184 185 186 355 2 3 4 29
;; 185 conflicts: 73 74 75 76 77 78 80 81 82 83 84 184 185 186 355 2 3 4 29
;; 186 conflicts: 73 74 75 76 77 78 80 81 82 83 84 184 185 186 355 2 3 4 29
;; 248 conflicts: 73 74 75 78 80 81 82 83 86 248 250 253 260 355 650 4 29
;; 250 conflicts: 73 74 75 78 80 81 82 83 86 248 250 253 260 355 650 2 3 4 29
;; 253 conflicts: 73 74 75 78 80 81 82 83 86 248 250 253 260 355 650 2 3 4 29
;; 260 conflicts: 73 74 75 78 80 81 82 83 86 248 250 253 260 355 650 2 3 4 29
;; 280 conflicts: 73 74 75 78 80 81 82 83 280 281 282 355 2 29
;; 281 conflicts: 73 74 75 78 80 81 82 83 280 281 282 355 2 29
;; 282 conflicts: 73 74 75 78 80 81 82 83 280 281 282 355 2 29
;; 287 conflicts: 73 74 75 78 80 81 82 83 287 288 289 355 2 29
;; 288 conflicts: 73 74 75 78 80 81 82 83 287 288 289 355 2 29
;; 289 conflicts: 73 74 75 78 80 81 82 83 287 288 289 355 2 29
;; 294 conflicts: 73 74 75 78 80 81 82 83 88 294 298 301 308 355 4 29
;; 295 conflicts: 73 74 75 78 80 81 82 83 88 295 298 301 308 355 4 29
;; 296 conflicts: 73 74 75 78 80 81 82 83 88 296 298 301 308 355 4 29
;; 298 conflicts: 73 74 75 78 80 81 82 83 88 294 295 296 298 301 308 355 360 361 387 410 475 476 512 542 642 2 3 4 29
;; 301 conflicts: 73 74 75 78 80 81 82 83 88 294 295 296 298 301 308 355 360 361 387 410 475 476 512 542 642 2 3 4 29
;; 308 conflicts: 73 74 75 78 80 81 82 83 88 294 295 296 298 301 308 355 360 361 387 410 475 476 512 542 642 2 3 4 29
;; 355 conflicts: 73 74 75 76 77 78 79 80 81 82 83 84 85 86 88 105 106 107 121 138 147 151 152 153 184 185 186 248 250 253 260 280 281 282 287 288 289 294 295 296 298 301 308 355 360 361 475 476 542 642 650 2 3 4 5 6 7 29
;; 360 conflicts: 73 74 75 78 80 81 82 83 88 298 301 308 355 360 642 2 29
;; 361 conflicts: 73 74 75 78 80 81 82 83 88 298 301 308 355 361 387 642 2 3 29
;; 387 conflicts: 73 74 75 78 80 81 82 83 88 298 301 308 361 387 642 2 3 4 29
;; 410 conflicts: 73 74 75 78 80 81 82 83 88 298 301 308 410 642 29
;; 475 conflicts: 73 74 75 78 80 81 82 83 88 298 301 308 355 475 476 512 642 2 3 29
;; 476 conflicts: 73 74 75 78 80 81 82 83 88 298 301 308 355 475 476 512 542 642 2 3 4 29
;; 512 conflicts: 73 74 75 78 80 81 82 83 88 298 301 308 475 476 512 642 2 3 4 29
;; 542 conflicts: 73 74 75 78 80 81 82 83 88 298 301 308 355 476 542 642 2 29
;; 598 conflicts: 73 74 75 78 80 81 82 83 86 88 91 93 598 2 29
;; 600 conflicts: 73 74 75 78 80 81 82 83 600 601 602 2 29
;; 601 conflicts: 73 75 78 80 81 82 83 600 601 602 2 29
;; 602 conflicts: 73 75 78 80 81 82 83 600 601 602 2 29
;; 607 conflicts: 75 78 80 81 82 607 608 609 2 29
;; 608 conflicts: 75 78 80 81 82 607 608 609 2 29
;; 609 conflicts: 75 78 80 81 82 607 608 609 2 29
;; 613 conflicts: 78 80 81 82 613 614 615 2 29
;; 614 conflicts: 78 80 81 82 613 614 615 2 29
;; 615 conflicts: 78 80 81 82 613 614 615 2 29
;; 642 conflicts: 73 74 75 78 80 81 82 83 88 298 301 308 355 360 361 387 410 475 476 512 542 642 2 3 4 29
;; 650 conflicts: 73 74 75 78 80 81 82 83 86 248 250 253 260 355 650 2 3 4 29
