;; 73 conflicts: 73 74 75 76 77 78 79 80 81 82 83 84 85 86 88 89 92 94 95 107 108 109 123 140 149 183 184 185 248 251 258 278 279 280 285 286 287 293 296 303 350 355 356 382 405 470 506 536 592 594 595 596 636 644 2 3 4 6 7 29
;; 74 conflicts: 73 74 75 76 77 78 79 80 81 82 83 84 85 86 88 89 92 94 95 107 108 109 123 124 140 141 149 183 184 185 248 251 258 278 279 280 285 286 287 293 296 303 350 355 356 382 405 470 506 536 592 594 636 644 2 3 4 7 29
;; 75 conflicts: 73 74 75 76 77 78 79 80 81 82 83 84 85 86 88 89 92 94 95 107 108 109 123 140 149 183 184 185 248 251 258 278 279 280 285 286 287 293 296 303 350 355 356 382 405 470 506 536 592 594 595 596 601 602 603 636 644 2 3 4 29
;; 76 conflicts: 73 74 75 76 77 78 79 83 84 85 107 108 109 123 124 125 126 140 141 142 143 149 183 184 185 350 2 3 4 29
;; 77 conflicts: 73 74 75 76 77 78 79 83 84 85 107 108 109 123 140 149 183 184 185 350 2 3 4 29
;; 78 conflicts: 73 74 75 76 77 78 79 80 81 82 83 84 85 86 88 89 92 94 95 123 140 149 183 184 185 248 251 258 278 279 280 285 286 287 293 296 303 350 355 356 382 405 470 506 536 592 594 595 596 601 602 603 607 608 609 636 644 2 3 4 29
;; 79 conflicts: 73 74 75 76 77 78 79 83 84 123 140 149 350 29
;; 80 conflicts: 73 74 75 78 80 81 82 83 86 88 89 92 94 95 183 184 185 248 251 258 278 279 280 285 286 287 293 296 303 350 355 356 382 405 470 506 536 592 594 595 596 601 602 603 607 608 609 636 644 2 3 4 29
;; 81 conflicts: 73 74 75 78 80 81 82 83 86 88 89 92 94 95 183 184 185 248 251 258 278 279 280 285 286 287 293 296 303 350 355 356 382 405 470 506 536 592 594 595 596 601 602 603 607 608 609 636 644 2 3 4 29
;; 82 conflicts: 73 74 75 78 80 81 82 83 86 88 89 92 94 95 183 184 185 248 251 258 278 279 280 285 286 287 293 296 303 350 355 356 382 405 470 506 536 592 594 595 596 601 602 603 607 608 609 636 644 2 3 4 29
;; 83 conflicts: 73 74 75 76 77 78 79 80 81 82 83 84 85 86 88 89 92 94 95 107 108 109 123 140 149 183 184 185 248 251 258 278 279 280 285 286 287 293 296 303 350 355 356 382 405 470 506 536 592 594 595 596 636 644 2 3 4 29
;; 84 conflicts: 73 74 75 76 77 78 79 83 84 85 107 108 109 123 140 149 183 184 185 350 2 3 4 29
;; 85 conflicts: 73 74 75 76 77 78 83 84 85 123 350 2 3 4 29
;; 86 conflicts: 73 74 75 78 80 81 82 83 86 89 92 94 95 248 251 258 350 592 644 2 3 4 29
;; 88 conflicts: 73 74 75 78 80 81 82 83 88 94 293 296 303 350 355 356 382 405 470 506 536 636 2 3 4 29
;; 89 conflicts: 73 74 75 78 80 81 82 83 86 89 92 95 592 2 29
;; 92 conflicts: 73 74 75 78 80 81 82 83 86 89 92 95 592 2 29
;; 94 conflicts: 73 74 75 78 80 81 82 83 86 88 94 248 251 258 293 296 303 350 470 506 536 636 644 2 3 4 29
;; 95 conflicts: 73 74 75 78 80 81 82 83 86 89 92 95 592 2 29
;; 107 conflicts: 73 74 75 76 77 83 84 107 108 109 350 2 29
;; 108 conflicts: 73 74 75 76 77 83 84 107 108 109 350 2 29
;; 109 conflicts: 73 74 75 76 77 83 84 107 108 109 350 2 29
;; 123 conflicts: 73 74 75 76 77 78 79 83 84 85 123 140 149 350 2 3 29
;; 124 conflicts: 74 76 124 125 126 2 29
;; 125 conflicts: 76 124 125 126 2 29
;; 126 conflicts: 76 124 125 126 2 29
;; 140 conflicts: 73 74 75 76 77 78 79 83 84 123 140 149 350 29
;; 141 conflicts: 74 76 141 142 143 2 29
;; 142 conflicts: 76 141 142 143 2 29
;; 143 conflicts: 76 141 142 143 2 29
;; 149 conflicts: 73 74 75 76 77 78 79 83 84 123 140 149 350 29
;; 183 conflicts: 73 74 75 76 77 78 80 81 82 83 84 183 184 185 350 2 3 4 29
;; 184 conflicts: 73 74 75 76 77 78 80 81 82 83 84 183 184 185 350 2 3 4 29
;; 185 conflicts: 73 74 75 76 77 78 80 81 82 83 84 183 184 185 350 2 3 4 29
;; 248 conflicts: 73 74 75 78 80 81 82 83 86 94 248 251 258 350 644 2 3 4 29
;; 251 conflicts: 73 74 75 78 80 81 82 83 86 94 248 251 258 350 644 2 3 4 29
;; 258 conflicts: 73 74 75 78 80 81 82 83 86 94 248 251 258 350 644 2 3 4 29
;; 278 conflicts: 73 74 75 78 80 81 82 83 278 279 280 350 2 29
;; 279 conflicts: 73 74 75 78 80 81 82 83 278 279 280 350 2 29
;; 280 conflicts: 73 74 75 78 80 81 82 83 278 279 280 350 2 29
;; 285 conflicts: 73 74 75 78 80 81 82 83 285 286 287 350 2 29
;; 286 conflicts: 73 74 75 78 80 81 82 83 285 286 287 350 2 29
;; 287 conflicts: 73 74 75 78 80 81 82 83 285 286 287 350 2 29
;; 293 conflicts: 73 74 75 78 80 81 82 83 88 94 293 296 303 350 355 356 382 405 470 506 536 636 2 3 4 29
;; 296 conflicts: 73 74 75 78 80 81 82 83 88 94 293 296 303 350 355 356 382 405 470 506 536 636 2 3 4 29
;; 303 conflicts: 73 74 75 78 80 81 82 83 88 94 293 296 303 350 355 356 382 405 470 506 536 636 2 3 4 29
;; 350 conflicts: 73 74 75 76 77 78 79 80 81 82 83 84 85 86 88 94 107 108 109 123 140 149 183 184 185 248 251 258 278 279 280 285 286 287 293 296 303 350 355 356 470 536 636 644 2 3 4 5 6 7 29
;; 355 conflicts: 73 74 75 78 80 81 82 83 88 293 296 303 350 355 636 2 29
;; 356 conflicts: 73 74 75 78 80 81 82 83 88 293 296 303 350 356 382 636 2 3 29
;; 382 conflicts: 73 74 75 78 80 81 82 83 88 293 296 303 356 382 636 2 3 4 29
;; 405 conflicts: 73 74 75 78 80 81 82 83 88 293 296 303 405 636 29
;; 470 conflicts: 73 74 75 78 80 81 82 83 88 94 293 296 303 350 470 506 636 2 3 29
;; 506 conflicts: 73 74 75 78 80 81 82 83 88 94 293 296 303 470 506 636 2 3 4 29
;; 536 conflicts: 73 74 75 78 80 81 82 83 88 94 293 296 303 350 536 636 2 29
;; 592 conflicts: 73 74 75 78 80 81 82 83 86 89 92 95 592 2 29
;; 594 conflicts: 73 74 75 78 80 81 82 83 594 595 596 2 29
;; 595 conflicts: 73 75 78 80 81 82 83 594 595 596 2 29
;; 596 conflicts: 73 75 78 80 81 82 83 594 595 596 2 29
;; 601 conflicts: 75 78 80 81 82 601 602 603 2 29
;; 602 conflicts: 75 78 80 81 82 601 602 603 2 29
;; 603 conflicts: 75 78 80 81 82 601 602 603 2 29
;; 607 conflicts: 78 80 81 82 607 608 609 2 29
;; 608 conflicts: 78 80 81 82 607 608 609 2 29
;; 609 conflicts: 78 80 81 82 607 608 609 2 29
;; 636 conflicts: 73 74 75 78 80 81 82 83 88 94 293 296 303 350 355 356 382 405 470 506 536 636 2 3 4 29
;; 644 conflicts: 73 74 75 78 80 81 82 83 86 94 248 251 258 350 644 2 3 4 29
