;; 73 conflicts: 73 74 75 76 77 78 79 80 81 82 83 84 85 87 90 92 93 105 106 107 121 138 147 151 182 183 184 247 250 257 277 278 279 284 285 286 292 295 302 349 354 355 381 404 469 505 535 585 592 594 595 596 635 642 2 3 4 6 7 29
;; 74 conflicts: 73 74 75 76 77 78 79 80 81 82 83 84 85 87 90 92 93 105 106 107 121 122 138 139 147 151 182 183 184 247 250 257 277 278 279 284 285 286 292 295 302 349 354 355 381 404 469 505 535 585 592 594 635 642 2 3 4 7 29
;; 75 conflicts: 73 74 75 76 77 78 79 80 81 82 83 84 85 87 90 92 93 105 106 107 121 138 147 151 182 183 184 247 250 257 277 278 279 284 285 286 292 295 302 349 354 355 381 404 469 505 535 585 592 594 595 596 601 602 603 635 642 2 3 4 29
;; 76 conflicts: 73 74 75 76 77 78 79 83 84 85 105 106 107 121 122 123 124 138 139 140 141 147 182 183 184 349 2 3 4 29
;; 77 conflicts: 73 74 75 76 77 78 79 83 84 85 105 106 107 121 138 147 182 183 184 349 2 3 4 29
;; 78 conflicts: 73 74 75 76 77 78 79 80 81 82 83 84 85 87 90 92 93 121 138 147 151 182 183 184 247 250 257 277 278 279 284 285 286 292 295 302 349 354 355 381 404 469 505 535 585 592 594 595 596 601 602 603 607 608 609 635 642 2 3 4 29
;; 79 conflicts: 73 74 75 76 77 78 79 83 84 121 138 147 349 29
;; 80 conflicts: 73 74 75 78 80 81 82 83 87 90 92 93 151 182 183 184 247 250 257 277 278 279 284 285 286 292 295 302 349 354 355 381 404 469 505 535 585 592 594 595 596 601 602 603 607 608 609 635 642 2 3 4 29
;; 81 conflicts: 73 74 75 78 80 81 82 83 87 90 92 93 151 182 183 184 247 250 257 277 278 279 284 285 286 292 295 302 349 354 355 381 404 469 505 535 585 592 594 595 596 601 602 603 607 608 609 635 642 2 3 4 29
;; 82 conflicts: 73 74 75 78 80 81 82 83 87 90 92 93 151 182 183 184 247 250 257 277 278 279 284 285 286 292 295 302 349 354 355 381 404 469 505 535 585 592 594 595 596 601 602 603 607 608 609 635 642 2 3 4 29
;; 83 conflicts: 73 74 75 76 77 78 79 80 81 82 83 84 85 87 90 92 93 105 106 107 121 138 147 151 182 183 184 247 250 257 277 278 279 284 285 286 292 295 302 349 354 355 381 404 469 505 535 585 592 594 595 596 635 642 2 3 4 29
;; 84 conflicts: 73 74 75 76 77 78 79 83 84 85 105 106 107 121 138 147 182 183 184 349 2 3 4 29
;; 85 conflicts: 73 74 75 76 77 78 83 84 85 121 349 2 3 4 29
;; 87 conflicts: 73 74 75 78 80 81 82 83 87 90 92 93 292 295 302 349 354 355 381 404 469 505 535 585 592 635 2 3 4 29
;; 90 conflicts: 73 74 75 78 80 81 82 83 87 90 93 585 592 2 29
;; 92 conflicts: 73 74 75 78 80 81 82 83 87 92 151 247 250 257 292 295 302 349 469 505 535 635 642 2 3 4 29
;; 93 conflicts: 73 74 75 78 80 81 82 83 87 90 93 585 592 2 29
;; 105 conflicts: 73 74 75 76 77 83 84 105 106 107 349 2 29
;; 106 conflicts: 73 74 75 76 77 83 84 105 106 107 349 2 29
;; 107 conflicts: 73 74 75 76 77 83 84 105 106 107 349 2 29
;; 121 conflicts: 73 74 75 76 77 78 79 83 84 85 121 138 147 349 2 3 29
;; 122 conflicts: 74 76 122 123 124 2 29
;; 123 conflicts: 76 122 123 124 2 29
;; 124 conflicts: 76 122 123 124 2 29
;; 138 conflicts: 73 74 75 76 77 78 79 83 84 121 138 147 349 29
;; 139 conflicts: 74 76 139 140 141 2 29
;; 140 conflicts: 76 139 140 141 2 29
;; 141 conflicts: 76 139 140 141 2 29
;; 147 conflicts: 73 74 75 76 77 78 79 83 84 121 138 147 349 29
;; 151 conflicts: 73 74 75 78 80 81 82 83 92 151 247 250 257 349 642 2 3 4 29
;; 182 conflicts: 73 74 75 76 77 78 80 81 82 83 84 182 183 184 349 2 3 4 29
;; 183 conflicts: 73 74 75 76 77 78 80 81 82 83 84 182 183 184 349 2 3 4 29
;; 184 conflicts: 73 74 75 76 77 78 80 81 82 83 84 182 183 184 349 2 3 4 29
;; 247 conflicts: 73 74 75 78 80 81 82 83 92 151 247 250 257 349 642 2 3 4 29
;; 250 conflicts: 73 74 75 78 80 81 82 83 92 151 247 250 257 349 642 2 3 4 29
;; 257 conflicts: 73 74 75 78 80 81 82 83 92 151 247 250 257 349 642 2 3 4 29
;; 277 conflicts: 73 74 75 78 80 81 82 83 277 278 279 349 2 29
;; 278 conflicts: 73 74 75 78 80 81 82 83 277 278 279 349 2 29
;; 279 conflicts: 73 74 75 78 80 81 82 83 277 278 279 349 2 29
;; 284 conflicts: 73 74 75 78 80 81 82 83 284 285 286 349 2 29
;; 285 conflicts: 73 74 75 78 80 81 82 83 284 285 286 349 2 29
;; 286 conflicts: 73 74 75 78 80 81 82 83 284 285 286 349 2 29
;; 292 conflicts: 73 74 75 78 80 81 82 83 87 92 292 295 302 349 354 355 381 404 469 505 535 635 2 3 4 29
;; 295 conflicts: 73 74 75 78 80 81 82 83 87 92 292 295 302 349 354 355 381 404 469 505 535 635 2 3 4 29
;; 302 conflicts: 73 74 75 78 80 81 82 83 87 92 292 295 302 349 354 355 381 404 469 505 535 635 2 3 4 29
;; 349 conflicts: 73 74 75 76 77 78 79 80 81 82 83 84 85 87 92 105 106 107 121 138 147 151 182 183 184 247 250 257 277 278 279 284 285 286 292 295 302 349 354 355 469 535 635 642 2 3 4 5 6 7 29
;; 354 conflicts: 73 74 75 78 80 81 82 83 87 292 295 302 349 354 635 2 29
;; 355 conflicts: 73 74 75 78 80 81 82 83 87 292 295 302 349 355 381 635 2 3 29
;; 381 conflicts: 73 74 75 78 80 81 82 83 87 292 295 302 355 381 635 2 3 4 29
;; 404 conflicts: 73 74 75 78 80 81 82 83 87 292 295 302 404 635 29
;; 469 conflicts: 73 74 75 78 80 81 82 83 87 92 292 295 302 349 469 505 635 2 3 29
;; 505 conflicts: 73 74 75 78 80 81 82 83 87 92 292 295 302 469 505 635 2 3 4 29
;; 535 conflicts: 73 74 75 78 80 81 82 83 87 92 292 295 302 349 535 635 2 29
;; 585 conflicts: 73 74 75 78 80 81 82 83 87 90 93 585 592 2 29
;; 592 conflicts: 73 74 75 78 80 81 82 83 87 90 93 585 592 2 29
;; 594 conflicts: 73 74 75 78 80 81 82 83 594 595 596 2 29
;; 595 conflicts: 73 75 78 80 81 82 83 594 595 596 2 29
;; 596 conflicts: 73 75 78 80 81 82 83 594 595 596 2 29
;; 601 conflicts: 75 78 80 81 82 601 602 603 2 29
;; 602 conflicts: 75 78 80 81 82 601 602 603 2 29
;; 603 conflicts: 75 78 80 81 82 601 602 603 2 29
;; 607 conflicts: 78 80 81 82 607 608 609 2 29
;; 608 conflicts: 78 80 81 82 607 608 609 2 29
;; 609 conflicts: 78 80 81 82 607 608 609 2 29
;; 635 conflicts: 73 74 75 78 80 81 82 83 87 92 292 295 302 349 354 355 381 404 469 505 535 635 2 3 4 29
;; 642 conflicts: 73 74 75 78 80 81 82 83 92 151 247 250 257 349 642 2 3 4 29
