;; 73 conflicts: 73 74 75 76 77 78 79 80 81 82 83 84 85 86 88 91 93 94 106 107 108 122 139 148 182 183 184 247 250 257 277 278 279 284 285 286 292 295 302 349 354 355 356 382 425 470 471 507 537 593 595 596 597 637 645 2 3 4 6 7 29
;; 74 conflicts: 73 74 75 76 77 78 79 80 81 82 83 84 85 86 88 91 93 94 106 107 108 122 123 139 140 148 182 183 184 247 250 257 277 278 279 284 285 286 292 295 302 349 354 355 356 382 425 470 471 507 537 593 595 637 645 2 3 4 7 29
;; 75 conflicts: 73 74 75 76 77 78 79 80 81 82 83 84 85 86 88 91 93 94 106 107 108 122 139 148 182 183 184 247 250 257 277 278 279 284 285 286 292 295 302 349 354 355 356 382 425 470 471 507 537 593 595 596 597 602 603 604 637 645 2 3 4 29
;; 76 conflicts: 73 74 75 76 77 78 79 83 84 85 106 107 108 122 123 124 125 139 140 141 142 148 182 183 184 349 2 3 4 29
;; 77 conflicts: 73 74 75 76 77 78 79 83 84 85 106 107 108 122 139 148 182 183 184 349 2 3 4 29
;; 78 conflicts: 73 74 75 76 77 78 79 80 81 82 83 84 85 86 88 91 93 94 122 139 148 182 183 184 247 250 257 277 278 279 284 285 286 292 295 302 349 354 355 356 382 425 470 471 507 537 593 595 596 597 602 603 604 608 609 610 637 645 2 3 4 29
;; 79 conflicts: 73 74 75 76 77 78 79 83 84 122 139 148 349 29
;; 80 conflicts: 73 74 75 78 80 81 82 83 86 88 91 93 94 182 183 184 247 250 257 277 278 279 284 285 286 292 295 302 349 354 355 356 382 425 470 471 507 537 593 595 596 597 602 603 604 608 609 610 637 645 2 3 4 29
;; 81 conflicts: 73 74 75 78 80 81 82 83 86 88 91 93 94 182 183 184 247 250 257 277 278 279 284 285 286 292 295 302 349 354 355 356 382 425 470 471 507 537 593 595 596 597 602 603 604 608 609 610 637 645 2 3 4 29
;; 82 conflicts: 73 74 75 78 80 81 82 83 86 88 91 93 94 182 183 184 247 250 257 277 278 279 284 285 286 292 295 302 349 354 355 356 382 425 470 471 507 537 593 595 596 597 602 603 604 608 609 610 637 645 2 3 4 29
;; 83 conflicts: 73 74 75 76 77 78 79 80 81 82 83 84 85 86 88 91 93 94 106 107 108 122 139 148 182 183 184 247 250 257 277 278 279 284 285 286 292 295 302 349 354 355 356 382 425 470 471 507 537 593 595 596 597 637 645 2 3 4 29
;; 84 conflicts: 73 74 75 76 77 78 79 83 84 85 106 107 108 122 139 148 182 183 184 349 2 3 4 29
;; 85 conflicts: 73 74 75 76 77 78 83 84 85 122 349 2 3 4 29
;; 86 conflicts: 73 74 75 78 80 81 82 83 86 88 91 93 94 247 250 257 349 593 645 2 3 4 29
;; 88 conflicts: 73 74 75 78 80 81 82 83 86 88 91 93 94 292 295 302 349 354 355 356 382 425 470 471 507 537 593 637 2 3 4 29
;; 91 conflicts: 73 74 75 78 80 81 82 83 86 88 91 94 593 2 29
;; 93 conflicts: 73 74 75 78 80 81 82 83 86 88 93 247 250 257 292 295 302 349 470 471 507 537 637 645 2 3 4 29
;; 94 conflicts: 73 74 75 78 80 81 82 83 86 88 91 94 593 2 29
;; 106 conflicts: 73 74 75 76 77 83 84 106 107 108 349 2 29
;; 107 conflicts: 73 74 75 76 77 83 84 106 107 108 349 2 29
;; 108 conflicts: 73 74 75 76 77 83 84 106 107 108 349 2 29
;; 122 conflicts: 73 74 75 76 77 78 79 83 84 85 122 139 148 349 2 3 29
;; 123 conflicts: 74 76 123 124 125 2 29
;; 124 conflicts: 76 123 124 125 2 29
;; 125 conflicts: 76 123 124 125 2 29
;; 139 conflicts: 73 74 75 76 77 78 79 83 84 122 139 148 349 29
;; 140 conflicts: 74 76 140 141 142 2 29
;; 141 conflicts: 76 140 141 142 2 29
;; 142 conflicts: 76 140 141 142 2 29
;; 148 conflicts: 73 74 75 76 77 78 79 83 84 122 139 148 349 29
;; 182 conflicts: 73 74 75 76 77 78 80 81 82 83 84 182 183 184 349 2 3 4 29
;; 183 conflicts: 73 74 75 76 77 78 80 81 82 83 84 182 183 184 349 2 3 4 29
;; 184 conflicts: 73 74 75 76 77 78 80 81 82 83 84 182 183 184 349 2 3 4 29
;; 247 conflicts: 73 74 75 78 80 81 82 83 86 93 247 250 257 349 645 2 3 4 29
;; 250 conflicts: 73 74 75 78 80 81 82 83 86 93 247 250 257 349 645 2 3 4 29
;; 257 conflicts: 73 74 75 78 80 81 82 83 86 93 247 250 257 349 645 2 3 4 29
;; 277 conflicts: 73 74 75 78 80 81 82 83 277 278 279 349 2 29
;; 278 conflicts: 73 74 75 78 80 81 82 83 277 278 279 349 2 29
;; 279 conflicts: 73 74 75 78 80 81 82 83 277 278 279 349 2 29
;; 284 conflicts: 73 74 75 78 80 81 82 83 284 285 286 349 2 29
;; 285 conflicts: 73 74 75 78 80 81 82 83 284 285 286 349 2 29
;; 286 conflicts: 73 74 75 78 80 81 82 83 284 285 286 349 2 29
;; 292 conflicts: 73 74 75 78 80 81 82 83 88 93 292 295 302 349 354 355 356 382 425 470 471 507 537 637 2 3 4 29
;; 295 conflicts: 73 74 75 78 80 81 82 83 88 93 292 295 302 349 354 355 356 382 425 470 471 507 537 637 2 3 4 29
;; 302 conflicts: 73 74 75 78 80 81 82 83 88 93 292 295 302 349 354 355 356 382 425 470 471 507 537 637 2 3 4 29
;; 349 conflicts: 73 74 75 76 77 78 79 80 81 82 83 84 85 86 88 93 106 107 108 122 139 148 182 183 184 247 250 257 277 278 279 284 285 286 292 295 302 349 354 537 637 645 2 3 4 5 6 7 29
;; 354 conflicts: 73 74 75 78 80 81 82 83 88 292 295 302 349 354 637 2 29
;; 355 conflicts: 73 74 75 78 80 81 82 83 88 292 295 302 355 356 382 637 2 3 29
;; 356 conflicts: 73 74 75 78 80 81 82 83 88 292 295 302 355 356 637 2 3 4 29
;; 382 conflicts: 73 74 75 78 80 81 82 83 88 292 295 302 355 382 637 2 3 4 29
;; 425 conflicts: 73 74 75 78 80 81 82 83 88 292 295 302 425 637 4 29
;; 470 conflicts: 73 74 75 78 80 81 82 83 88 93 292 295 302 470 471 507 637 2 3 29
;; 471 conflicts: 73 74 75 78 80 81 82 83 88 93 292 295 302 470 471 637 3 4 29
;; 507 conflicts: 73 74 75 78 80 81 82 83 88 93 292 295 302 470 507 637 2 3 4 29
;; 537 conflicts: 73 74 75 78 80 81 82 83 88 93 292 295 302 349 537 637 2 29
;; 593 conflicts: 73 74 75 78 80 81 82 83 86 88 91 94 593 2 29
;; 595 conflicts: 73 74 75 78 80 81 82 83 595 596 597 2 29
;; 596 conflicts: 73 75 78 80 81 82 83 595 596 597 2 29
;; 597 conflicts: 73 75 78 80 81 82 83 595 596 597 2 29
;; 602 conflicts: 75 78 80 81 82 602 603 604 2 29
;; 603 conflicts: 75 78 80 81 82 602 603 604 2 29
;; 604 conflicts: 75 78 80 81 82 602 603 604 2 29
;; 608 conflicts: 78 80 81 82 608 609 610 2 29
;; 609 conflicts: 78 80 81 82 608 609 610 2 29
;; 610 conflicts: 78 80 81 82 608 609 610 2 29
;; 637 conflicts: 73 74 75 78 80 81 82 83 88 93 292 295 302 349 354 355 356 382 425 470 471 507 537 637 2 3 4 29
;; 645 conflicts: 73 74 75 78 80 81 82 83 86 93 247 250 257 349 645 2 3 4 29
